Date,Open,High,Low,Close,Adj Close,Volume
2021-07-23,17.650000,19.680000,16.320000,16.320000,16.320000,6816100
2021-07-26,18.000000,18.780001,16.750000,16.750000,16.750000,1791800
2021-07-27,17.320999,17.770000,15.000000,15.960000,15.960000,1502200
2021-07-28,16.100000,16.299999,15.450000,15.750000,15.750000,909200
2021-07-29,15.850000,16.360001,15.020000,15.800000,15.800000,830300
2021-07-30,15.600000,16.250000,15.360000,16.200001,16.200001,383800
2021-08-02,16.340000,17.900000,16.209999,17.510000,17.510000,693200
2021-08-03,18.430000,19.030001,17.120001,17.200001,17.200001,656700
2021-08-04,17.170000,18.325001,17.003000,18.049999,18.049999,527700
2021-08-05,18.219999,22.590000,18.219999,21.700001,21.700001,1992900
2021-08-06,22.750000,25.990000,21.920000,22.389999,22.389999,1247300
2021-08-09,23.379999,26.450001,23.379999,26.129999,26.129999,1187900
2021-08-10,26.330000,29.000000,26.330000,27.590000,27.590000,1421800
2021-08-11,28.200001,28.489000,24.870001,25.370001,25.370001,1073800
2021-08-12,25.450001,27.000000,22.799999,23.230000,23.230000,917800
2021-08-13,23.049999,24.840000,23.049999,24.230000,24.230000,580100
2021-08-16,24.350000,27.160000,23.340000,26.480000,26.480000,589500
2021-08-17,26.190001,28.469999,23.799999,24.299999,24.299999,761500
2021-08-18,25.139999,27.750000,24.500000,27.040001,27.040001,734800
2021-08-19,26.340000,27.370001,25.360001,25.420000,25.420000,518200
2021-08-20,26.020000,26.799999,25.610001,26.090000,26.090000,845800
2021-08-23,27.000000,29.950001,26.320000,29.240000,29.240000,1357200
2021-08-24,29.350000,29.610001,26.750000,27.870001,27.870001,853400
2021-08-25,28.059999,29.000000,27.090000,28.490000,28.490000,590500
2021-08-26,28.500000,28.750000,26.700001,27.030001,27.030001,553500
2021-08-27,26.770000,27.639999,25.400000,26.980000,26.980000,797200
2021-08-30,26.969999,27.195000,24.469999,24.580000,24.580000,953200
2021-08-31,24.760000,27.299999,24.760000,27.200001,27.200001,649000
2021-09-01,26.750000,28.320000,26.700001,26.980000,26.980000,714000
2021-09-02,26.680000,29.139999,26.680000,28.490000,28.490000,668000
2021-09-03,28.790001,30.059999,27.959999,29.980000,29.980000,799000
2021-09-07,31.830000,32.645000,29.520000,30.290001,30.290001,1690700
2021-09-08,30.889999,30.997000,27.799999,28.320000,28.320000,1016400
2021-09-09,28.320000,29.530001,28.280001,28.840000,28.840000,669900
2021-09-10,29.000000,29.950001,28.299999,28.850000,28.850000,538600
2021-09-13,29.000000,29.139999,27.080000,27.620001,27.620001,655000
2021-09-14,27.660000,29.940001,27.620001,29.129999,29.129999,746700
2021-09-15,28.750000,29.379999,27.250000,27.549999,27.549999,874000
2021-09-16,27.500000,27.969999,27.100000,27.670000,27.670000,553500
2021-09-17,27.500000,27.950001,24.200001,24.570000,24.570000,4022900
2021-09-20,23.892000,24.219999,22.500000,23.520000,23.520000,938200
2021-09-21,23.900000,25.600000,23.049999,24.340000,24.340000,1156300
2021-09-22,24.370001,24.830000,22.673000,24.290001,24.290001,571500
2021-09-23,24.500000,26.629000,24.040001,26.490000,26.490000,445500
2021-09-24,26.040001,26.129999,24.129999,24.240000,24.240000,655900
2021-09-27,24.000000,24.495001,23.040001,24.030001,24.030001,379000
2021-09-28,23.570000,24.430000,22.879999,24.059999,24.059999,659100
2021-09-29,23.959999,25.459999,23.000000,23.799999,23.799999,655200
2021-09-30,23.620001,24.150000,23.055000,23.870001,23.870001,387200
2021-10-01,23.260000,23.420000,21.400000,22.309999,22.309999,694800
2021-10-04,22.000000,22.660000,21.770000,22.180000,22.180000,444600
2021-10-05,22.250000,22.690001,21.730000,22.450001,22.450001,422900
2021-10-06,22.230000,23.500000,21.879999,23.110001,23.110001,485600
2021-10-07,23.110001,23.950001,22.299999,22.600000,22.600000,450900
2021-10-08,22.180000,22.790001,18.910000,19.160000,19.160000,1208300
2021-10-11,19.209999,19.500000,18.181000,19.330000,19.330000,495500
2021-10-12,19.610001,20.639999,19.520000,20.530001,20.530001,526000
2021-10-13,20.580000,21.299999,20.240000,20.780001,20.780001,463100
2021-10-14,21.750000,23.170000,21.004999,22.590000,22.590000,415200
2021-10-15,22.940001,22.940001,20.799999,20.840000,20.840000,409800
2021-10-18,21.000000,21.059999,19.889999,20.030001,20.030001,404400
2021-10-19,20.459999,20.910000,19.584999,19.969999,19.969999,425300
2021-10-20,20.020000,20.450001,19.400000,19.780001,19.780001,374600
2021-10-21,19.910000,20.379999,19.600000,20.180000,20.180000,349700
2021-10-22,20.379999,20.809999,19.600000,20.700001,20.700001,260400
2021-10-25,20.700001,22.000000,20.315001,21.940001,21.940001,215600
2021-10-26,21.920000,24.000000,21.562000,23.150000,23.150000,404300
2021-10-27,23.200001,23.469999,21.950001,22.790001,22.790001,216100
2021-10-28,22.580000,23.337999,21.969999,22.110001,22.110001,222000
2021-10-29,21.930000,22.650000,21.290001,22.110001,22.110001,290900
2021-11-01,22.010000,23.191999,22.010000,22.190001,22.190001,334800
2021-11-02,22.270000,22.430000,21.650000,22.299999,22.299999,302300
2021-11-03,22.459999,23.790001,22.389999,22.889999,22.889999,303500
2021-11-04,22.600000,23.520000,22.559999,23.260000,23.260000,312200
2021-11-05,23.200001,23.400000,22.080000,22.440001,22.440001,212200
2021-11-08,22.400000,22.770000,20.900000,21.809999,21.809999,336100
2021-11-09,21.809999,22.350000,20.780001,21.160000,21.160000,330700
2021-11-10,21.250000,21.870001,20.533001,20.750000,20.750000,229400
2021-11-11,20.879999,21.170000,20.410000,20.520000,20.520000,298300
2021-11-12,20.660000,21.820000,20.500000,21.700001,21.700001,412600
2021-11-15,22.450001,23.440001,21.150000,21.730000,21.730000,295700
2021-11-16,21.610001,21.930000,20.719999,21.530001,21.530001,278400
2021-11-17,21.379999,22.650000,21.180000,22.250000,22.250000,254400
2021-11-18,22.180000,22.799999,20.260000,20.660000,20.660000,423500
2021-11-19,20.559999,21.900000,20.559999,21.280001,21.280001,257600
2021-11-22,21.900000,21.900000,18.809999,18.860001,18.860001,498500
2021-11-23,18.620001,18.850000,17.129999,17.600000,17.600000,570900
2021-11-24,17.500000,17.940001,16.990000,17.680000,17.680000,377900
2021-11-26,17.500000,18.598000,17.200001,17.680000,17.680000,200800
2021-11-29,18.100000,18.900000,16.930000,17.049999,17.049999,318200
2021-11-30,18.049999,18.910000,16.980000,18.590000,18.590000,974800
2021-12-01,19.610001,19.610001,16.930000,16.930000,16.930000,503200
2021-12-02,16.940001,18.170000,16.160000,18.010000,18.010000,458800
2021-12-03,17.910000,18.040001,16.719999,17.070000,17.070000,370800
2021-12-06,16.740000,17.139999,16.270000,16.920000,16.920000,473900
2021-12-07,17.049999,19.260000,16.950001,18.780001,18.780001,270200
2021-12-08,19.040001,19.315001,17.920000,18.760000,18.760000,197900
2021-12-09,18.900000,19.139999,17.750000,17.840000,17.840000,151000
2021-12-10,17.969999,18.480000,17.400000,17.440001,17.440001,175700
2021-12-13,17.500000,18.264999,16.580000,17.059999,17.059999,314000
2021-12-14,16.639999,17.030001,15.900000,16.510000,16.510000,456000
2021-12-15,16.469999,16.910000,15.700000,16.889999,16.889999,336900
2021-12-16,17.299999,17.299999,15.500000,15.840000,15.840000,389000
2021-12-17,15.640000,16.440001,15.090000,15.800000,15.800000,1177600
2021-12-20,15.680000,15.680000,14.550000,15.160000,15.160000,457500
2021-12-21,15.340000,15.910000,15.150000,15.810000,15.810000,474100
2021-12-22,16.000000,16.250000,15.260000,15.640000,15.640000,240100
2021-12-23,15.460000,16.790001,15.250000,16.170000,16.170000,527700
2021-12-27,16.250000,16.770000,15.350000,15.610000,15.610000,408500
2021-12-28,15.510000,16.340000,15.110000,15.300000,15.300000,398900
2021-12-29,15.130000,15.190000,14.170000,14.590000,14.590000,473600
2021-12-30,14.530000,15.526000,14.530000,14.890000,14.890000,280600
2021-12-31,14.990000,15.630000,14.890000,15.090000,15.090000,299500
2022-01-03,15.140000,15.660000,14.750000,15.320000,15.320000,241300
2022-01-04,15.430000,15.850000,14.290000,14.490000,14.490000,365200
2022-01-05,14.520000,14.560000,13.368000,13.400000,13.400000,419800
2022-01-06,13.165000,13.840000,12.570000,12.820000,12.820000,553100
2022-01-07,12.930000,13.260000,12.610000,13.010000,13.010000,465800
2022-01-10,12.870000,12.890000,12.200000,12.640000,12.640000,537100
2022-01-11,12.660000,13.000000,12.400000,12.950000,12.950000,685700
2022-01-12,13.260000,13.480000,12.680000,12.850000,12.850000,371200
2022-01-13,13.130000,13.130000,11.560000,11.630000,11.630000,637700
2022-01-14,11.490000,11.750000,10.820000,11.610000,11.610000,614800
2022-01-18,11.210000,11.800000,10.800000,10.870000,10.870000,575100
2022-01-19,10.520000,11.720000,10.520000,11.330000,11.330000,958800
2022-01-20,11.480000,11.750000,10.580000,10.740000,10.740000,1322000
2022-01-21,10.640000,11.150000,10.130000,10.260000,10.260000,567700
2022-01-24,9.337000,10.820000,9.337000,10.680000,10.680000,607200
2022-01-25,10.440000,11.030000,10.330000,10.640000,10.640000,327700
2022-01-26,10.830000,11.030000,10.160000,10.270000,10.270000,421300
2022-01-27,10.380000,10.687000,9.920000,10.070000,10.070000,443800
2022-01-28,10.040000,10.399000,9.700000,10.310000,10.310000,428400
2022-01-31,10.630000,11.000000,10.220000,10.730000,10.730000,943200
2022-02-01,10.910000,11.210000,10.520000,11.110000,11.110000,544700
2022-02-02,11.190000,11.480000,10.350000,10.470000,10.470000,510900
2022-02-03,10.180000,10.670000,10.136000,10.470000,10.470000,710300
2022-02-04,10.420000,11.190000,10.330000,10.600000,10.600000,425500
2022-02-07,10.690000,11.380000,10.600000,11.090000,11.090000,409100
2022-02-08,11.010000,11.850000,10.750000,11.690000,11.690000,413300
2022-02-09,11.850000,13.060000,11.850000,12.710000,12.710000,633100
2022-02-10,12.460000,12.850000,11.550000,11.990000,11.990000,681400
2022-02-11,11.760000,12.560000,10.580000,10.710000,10.710000,1131900
2022-02-14,10.800000,11.240000,10.660000,11.010000,11.010000,343200
2022-02-15,11.250000,11.830000,11.120000,11.590000,11.590000,494200
2022-02-16,11.450000,11.530000,10.950000,11.370000,11.370000,365100
2022-02-17,11.150000,11.200000,10.150000,10.220000,10.220000,393300
2022-02-18,10.400000,10.440000,9.750000,10.000000,10.000000,552700
2022-02-22,9.840000,10.160000,9.660000,9.750000,9.750000,525200
2022-02-23,9.900000,10.081000,9.170000,9.220000,9.220000,654600
2022-02-24,8.870000,9.880000,8.700000,9.840000,9.840000,703000
2022-02-25,9.940000,10.030000,9.320000,9.870000,9.870000,419500
2022-02-28,9.760000,10.190000,9.760000,9.980000,9.980000,561000
2022-03-01,9.600000,10.110000,9.290000,9.350000,9.350000,610900
2022-03-02,9.400000,9.760000,9.200000,9.290000,9.290000,399300
2022-03-03,9.430000,9.495000,8.640000,8.780000,8.780000,430400
2022-03-04,8.680000,8.980000,8.550000,8.930000,8.930000,444200
2022-03-07,8.990000,9.660000,8.900000,9.050000,9.050000,553600
2022-03-08,9.070000,9.870000,8.830000,9.240000,9.240000,508100
2022-03-09,9.500000,9.980000,9.460000,9.760000,9.760000,616700
2022-03-10,9.630000,9.650000,9.350000,9.520000,9.520000,509800
2022-03-11,9.795000,9.795000,9.140000,9.190000,9.190000,363300
2022-03-14,9.220000,9.280000,8.410000,8.420000,8.420000,601100
2022-03-15,8.430000,8.680000,8.370000,8.570000,8.570000,610800
2022-03-16,8.790000,9.030000,8.550000,8.850000,8.850000,806500
2022-03-17,8.790000,9.490000,8.600000,9.490000,9.490000,811500
2022-03-18,9.440000,10.780000,9.440000,9.770000,9.770000,4457400
2022-03-21,9.770000,9.970000,9.060000,9.150000,9.150000,787600
2022-03-22,9.340000,10.200000,9.200000,10.020000,10.020000,858700
2022-03-23,9.950000,10.190000,9.595000,9.600000,9.600000,342300
2022-03-24,9.750000,9.840000,9.220000,9.510000,9.510000,398900
2022-03-25,9.550000,9.810000,9.050000,9.220000,9.220000,345100
2022-03-28,9.210000,9.598000,9.120000,9.340000,9.340000,452700
2022-03-29,9.470000,9.720000,9.390000,9.450000,9.450000,365600
2022-03-30,9.480000,9.840000,9.195000,9.250000,9.250000,418200
2022-03-31,9.280000,9.410000,9.120000,9.180000,9.180000,417000
2022-04-01,9.200000,9.370000,9.020000,9.220000,9.220000,438400
2022-04-04,9.490000,9.690000,9.310000,9.580000,9.580000,309500
2022-04-05,9.570000,9.650000,9.080000,9.160000,9.160000,339300
2022-04-06,9.010000,9.050000,8.510000,8.710000,8.710000,376600
2022-04-07,8.720000,8.840000,8.250000,8.320000,8.320000,315800
2022-04-08,8.320000,8.550000,8.080000,8.260000,8.260000,527000
2022-04-11,8.330000,8.350000,7.890000,7.940000,7.940000,400500
2022-04-12,8.090000,8.380000,7.790000,7.800000,7.800000,251300
2022-04-13,7.840000,8.320000,7.660000,8.200000,8.200000,519700
2022-04-14,8.210000,8.300000,8.070000,8.140000,8.140000,201600
2022-04-18,8.080000,8.150000,7.680000,7.750000,7.750000,343100
2022-04-19,7.800000,8.230000,7.640000,8.180000,8.180000,316100
2022-04-20,8.240000,8.390000,7.970000,8.200000,8.200000,328800
2022-04-21,8.320000,8.465000,7.860000,7.980000,7.980000,259400
2022-04-22,7.930000,8.160000,7.650000,7.790000,7.790000,324700
2022-04-25,7.730000,7.980000,7.650000,7.930000,7.930000,268300
2022-04-26,7.930000,8.030000,7.510000,7.540000,7.540000,321800
2022-04-27,7.600000,7.650000,7.150000,7.320000,7.320000,340300
2022-04-28,7.715000,7.715000,7.040000,7.480000,7.480000,299800
2022-04-29,7.420000,7.825000,7.360000,7.400000,7.400000,199200
2022-05-02,7.400000,7.940000,7.325000,7.930000,7.930000,313200
2022-05-03,7.960000,8.030000,7.610000,7.800000,7.800000,184300
2022-05-04,7.850000,8.459000,7.550000,8.340000,8.340000,316000
2022-05-05,8.130000,8.130000,7.541000,7.780000,7.780000,559200
2022-05-06,7.680000,7.780000,7.200000,7.330000,7.330000,721200
2022-05-09,7.260000,7.260000,6.540000,6.670000,6.670000,514900
2022-05-10,7.000000,7.640000,6.870000,7.290000,7.290000,513000
2022-05-11,7.310000,7.420000,6.565000,6.630000,6.630000,746500
2022-05-12,6.520000,9.020000,6.410000,8.100000,8.100000,5526400
2022-05-13,8.420000,10.050000,8.420000,8.970000,8.970000,2758700
2022-05-16,9.160000,10.240000,9.160000,9.740000,9.740000,1364000
2022-05-17,10.050000,10.340000,9.530000,9.670000,9.670000,1281600
2022-05-18,9.400000,9.580000,8.950000,9.120000,9.120000,885700
2022-05-19,9.020000,9.390000,8.550000,8.640000,8.640000,681100
2022-05-20,8.760000,9.055000,7.960000,8.280000,8.280000,1254600
2022-05-23,8.300000,8.480000,7.950000,8.310000,8.310000,570400
2022-05-24,8.100000,8.160000,7.740000,8.000000,8.000000,911300
2022-05-25,7.860000,8.130000,7.800000,8.030000,8.030000,683300
2022-05-26,8.090000,8.320000,7.890000,8.220000,8.220000,962200
2022-05-27,8.220000,8.580000,7.910000,8.550000,8.550000,899000
2022-05-31,8.620000,8.760000,8.080000,8.330000,8.330000,1132800
2022-06-01,8.350000,8.510000,8.070000,8.330000,8.330000,821800
2022-06-02,8.310000,8.770000,8.180000,8.610000,8.610000,744400
2022-06-03,8.590000,9.210000,8.580000,8.740000,8.740000,944500
2022-06-06,8.900000,9.240000,8.220000,8.280000,8.280000,957700
2022-06-07,8.360000,9.000000,8.200000,8.920000,8.920000,550300
2022-06-08,8.900000,9.325000,8.830000,9.070000,9.070000,445500
2022-06-09,8.940000,9.120000,8.670000,8.720000,8.720000,371200
2022-06-10,6.900000,7.200000,5.590000,6.940000,6.940000,4854900
2022-06-13,6.520000,6.640000,5.020000,5.100000,5.100000,2049700
2022-06-14,5.120000,5.350000,4.900000,5.130000,5.130000,789200
2022-06-15,5.180000,5.360000,5.010000,5.300000,5.300000,676900
2022-06-16,4.910000,5.270000,4.890000,5.170000,5.170000,601500
2022-06-17,5.230000,5.670000,5.170000,5.550000,5.550000,937000
2022-06-21,5.670000,5.925000,5.520000,5.520000,5.520000,886000
2022-06-22,5.400000,5.930000,5.240000,5.710000,5.710000,873600
2022-06-23,5.730000,5.939000,5.660000,5.890000,5.890000,790100
2022-06-24,6.000000,6.180000,5.660000,5.860000,5.860000,1720000
2022-06-27,5.900000,5.930000,5.620000,5.810000,5.810000,650400
2022-06-28,5.840000,5.890000,5.510000,5.680000,5.680000,615600
2022-06-29,5.640000,5.640000,5.390000,5.560000,5.560000,584100
2022-06-30,5.490000,5.590000,5.380000,5.430000,5.430000,316200
2022-07-01,5.470000,5.515000,5.250000,5.340000,5.340000,404300
2022-07-05,5.260000,5.660000,5.090000,5.660000,5.660000,637900
2022-07-06,5.660000,5.860000,5.510000,5.800000,5.800000,318900
2022-07-07,5.860000,6.580000,5.840000,6.540000,6.540000,938900
2022-07-08,6.410000,6.810000,6.111000,6.790000,6.790000,565900
2022-07-11,6.780000,6.840000,6.450000,6.690000,6.690000,491300
2022-07-12,6.680000,6.740000,6.160000,6.730000,6.730000,420300
2022-07-13,6.600000,7.310000,6.520000,7.240000,7.240000,789500
2022-07-14,7.220000,7.480000,6.970000,7.380000,7.380000,364700
2022-07-15,7.530000,7.540000,6.820000,7.160000,7.160000,450900
2022-07-18,7.250000,7.480000,6.720000,6.730000,6.730000,406000
2022-07-19,6.830000,7.310000,6.720000,7.280000,7.280000,262100
2022-07-20,7.350000,7.920000,7.280000,7.830000,7.830000,391100
2022-07-21,7.870000,7.980000,7.665000,7.940000,7.940000,381300
2022-07-22,7.990000,7.990000,7.442000,7.550000,7.550000,359700
2022-07-25,7.470000,7.560000,7.170000,7.510000,7.510000,227100
2022-07-26,7.510000,7.900000,7.265000,7.740000,7.740000,259700
2022-07-27,7.870000,8.190000,7.550000,8.130000,8.130000,276500
2022-07-28,8.200000,8.310000,7.745000,8.240000,8.240000,1134400
2022-07-29,8.140000,8.310000,7.720000,8.120000,8.120000,618600
2022-08-01,8.070000,8.360000,8.000000,8.020000,8.020000,391400
2022-08-02,7.970000,8.230000,7.870000,8.010000,8.010000,333000
2022-08-03,8.200000,9.100000,8.130000,8.560000,8.560000,747300
2022-08-04,8.740000,8.740000,8.220000,8.560000,8.560000,583200
2022-08-05,8.320000,8.610000,8.180000,8.550000,8.550000,345600
2022-08-08,8.600000,8.820000,8.245000,8.450000,8.450000,475300
2022-08-09,8.280000,8.405000,7.980000,8.140000,8.140000,299300
2022-08-10,8.110000,9.365000,7.850000,9.300000,9.300000,851500
2022-08-11,9.420000,9.730000,9.271000,9.390000,9.390000,611800
2022-08-12,9.500000,10.000000,9.425000,9.910000,9.910000,415800
2022-08-15,9.810000,10.120000,9.680000,10.020000,10.020000,571400
2022-08-16,10.000000,12.160000,9.830000,10.750000,10.750000,3381000
2022-08-17,10.420000,10.880000,9.690000,10.410000,10.410000,1685400
2022-08-18,10.360000,10.480000,9.675000,10.330000,10.330000,750400
2022-08-19,10.090000,10.290000,9.730000,10.060000,10.060000,580900
2022-08-22,9.580000,10.090000,9.560000,9.900000,9.900000,560700
2022-08-23,9.920000,10.630000,9.900000,10.460000,10.460000,770600
2022-08-24,10.480000,11.470000,10.300000,11.130000,11.130000,1116100
2022-08-25,11.300000,11.410000,10.910000,11.270000,11.270000,508300
2022-08-26,11.340000,11.440000,10.120000,10.230000,10.230000,512700
2022-08-29,9.940000,10.685000,9.870000,9.960000,9.960000,453000
2022-08-30,10.100000,10.262000,9.400000,9.530000,9.530000,420600
2022-08-31,9.820000,10.100000,9.350000,9.870000,9.870000,651200
2022-09-01,9.800000,10.560000,9.549000,10.520000,10.520000,446300
2022-09-02,10.610000,10.645000,9.760000,9.845000,9.845000,478300
2022-09-06,9.890000,10.695000,9.850000,10.290000,10.290000,679200
2022-09-07,10.340000,11.380000,10.340000,11.290000,11.290000,669600
2022-09-08,11.200000,12.180000,11.072000,11.890000,11.890000,951900
2022-09-09,11.980000,12.139000,11.370000,11.470000,11.470000,546100
2022-09-12,11.490000,12.784000,11.320000,12.760000,12.760000,1396500
2022-09-13,12.150000,12.670000,11.970000,12.300000,12.300000,1015700
2022-09-14,12.300000,12.975000,11.990000,12.520000,12.520000,961600
2022-09-15,12.410000,13.190000,12.400000,12.790000,12.790000,1074300
2022-09-16,12.360000,12.400000,10.545000,11.370000,11.370000,5198500
2022-09-19,11.020000,11.550000,10.760000,11.340000,11.340000,879800
2022-09-20,11.060000,11.770000,11.060000,11.600000,11.600000,500900
2022-09-21,11.640000,11.710000,10.937000,10.970000,10.970000,597400
2022-09-22,10.880000,11.000000,10.020000,10.220000,10.220000,857000
2022-09-23,9.980000,10.230000,9.660000,9.940000,9.940000,839100
2022-09-26,9.890000,10.380000,9.770000,9.840000,9.840000,337800
2022-09-27,10.170000,10.500000,10.030000,10.210000,10.210000,454100
2022-09-28,10.360000,11.100000,10.360000,11.000000,11.000000,562400
2022-09-29,10.920000,10.920000,10.130000,10.420000,10.420000,484800
2022-09-30,10.420000,11.120000,10.380000,10.550000,10.550000,1257800
2022-10-03,10.760000,10.790000,10.150000,10.600000,10.600000,641400
2022-10-04,11.050000,11.520000,10.800000,11.010000,11.010000,698600
2022-10-05,10.730000,10.840000,10.310000,10.700000,10.700000,355400
2022-10-06,10.690000,11.120000,10.555000,10.920000,10.920000,429600
2022-10-07,10.760000,10.770000,10.140000,10.160000,10.160000,385800
2022-10-10,10.050000,10.135000,9.260000,9.420000,9.420000,821600
2022-10-11,9.390000,9.627000,9.020000,9.320000,9.320000,586200
2022-10-12,9.390000,9.645000,9.010000,9.540000,9.540000,510600
2022-10-13,9.200000,9.810000,9.160000,9.730000,9.730000,485600
2022-10-14,9.920000,10.130000,9.310000,9.350000,9.350000,335000
2022-10-17,9.580000,9.750000,9.270000,9.390000,9.390000,486400
2022-10-18,9.670000,9.780000,8.830000,9.110000,9.110000,568500
2022-10-19,8.970000,9.020000,8.710000,8.850000,8.850000,621500
2022-10-20,8.920000,9.360000,8.798000,8.990000,8.990000,344300
2022-10-21,9.060000,9.650000,8.840000,9.640000,9.640000,2293400
2022-10-24,9.700000,9.790000,9.000000,9.460000,9.460000,481700
2022-10-25,9.520000,9.960000,9.500000,9.770000,9.770000,406400
2022-10-26,9.780000,10.370000,9.538000,9.600000,9.600000,458300
2022-10-27,9.770000,9.770000,9.110000,9.280000,9.280000,379100
2022-10-28,9.320000,9.840000,9.295000,9.770000,9.770000,455100
2022-10-31,9.800000,10.030000,9.690000,9.740000,9.740000,416800
2022-11-01,9.890000,9.995000,9.620000,9.680000,9.680000,263400
2022-11-02,9.620000,10.060000,9.280000,9.450000,9.450000,668900
2022-11-03,9.340000,9.830000,9.300000,9.430000,9.430000,274900
2022-11-04,9.680000,9.680000,9.100000,9.340000,9.340000,419200
2022-11-07,9.420000,9.550000,9.000000,9.030000,9.030000,317500
2022-11-08,9.090000,9.530000,8.970000,9.310000,9.310000,377900
2022-11-09,9.490000,10.300000,9.350000,9.380000,9.380000,590300
2022-11-10,9.900000,10.350000,9.840000,10.070000,10.070000,715300
2022-11-11,10.100000,10.660000,10.060000,10.380000,10.380000,505000
2022-11-14,10.390000,10.670000,10.190000,10.270000,10.270000,372800
2022-11-15,10.620000,10.630000,9.700000,10.100000,10.100000,783500
2022-11-16,10.050000,10.120000,9.110000,9.180000,9.180000,457300
2022-11-17,9.050000,9.380000,8.900000,9.080000,9.080000,409100
2022-11-18,9.350000,9.450000,9.000000,9.080000,9.080000,242400
2022-11-21,9.110000,9.230000,8.800000,8.910000,8.910000,274200
2022-11-22,8.980000,9.050000,8.530000,8.760000,8.760000,386600
2022-11-23,8.800000,8.920000,8.610000,8.790000,8.790000,254800
2022-11-25,8.710000,8.880000,8.630000,8.750000,8.750000,261400
2022-11-28,8.730000,8.910000,8.420000,8.540000,8.540000,429200
2022-11-29,8.950000,8.950000,8.320000,8.340000,8.340000,454200
2022-11-30,8.340000,9.330000,8.320000,9.310000,9.310000,1043800
2022-12-01,9.540000,9.540000,8.900000,9.160000,9.160000,399500
2022-12-02,9.000000,9.640000,8.940000,9.610000,9.610000,434600
2022-12-05,9.500000,9.540000,9.010000,9.140000,9.140000,428700
2022-12-06,9.200000,9.515000,9.000000,9.350000,9.350000,493200
2022-12-07,9.380000,9.480000,9.120000,9.360000,9.360000,525200
2022-12-08,9.440000,9.660000,9.070000,9.250000,9.250000,699500
2022-12-09,9.190000,9.335000,8.870000,8.970000,8.970000,342800
2022-12-12,7.870000,8.350000,7.715000,8.160000,8.160000,1160300
2022-12-13,8.590000,8.650000,8.000000,8.200000,8.200000,675800
2022-12-14,8.250000,8.340000,7.890000,8.160000,8.160000,669200
2022-12-15,8.080000,8.180000,7.680000,7.730000,7.730000,533900
2022-12-16,7.700000,7.950000,7.430000,7.760000,7.760000,1803500
2022-12-19,7.700000,7.740000,6.675000,6.780000,6.780000,585100
2022-12-20,6.720000,6.810000,6.540000,6.640000,6.640000,551500
2022-12-21,6.600000,6.790000,6.450000,6.510000,6.510000,526700
2022-12-22,6.450000,6.540000,6.310000,6.540000,6.540000,701900
2022-12-23,6.500000,6.600000,6.105000,6.160000,6.160000,697400
2022-12-27,6.130000,6.145000,5.510000,5.660000,5.660000,855200
2022-12-28,5.680000,6.180000,5.400000,5.570000,5.570000,1121600
2022-12-29,5.650000,6.150000,5.630000,6.050000,6.050000,780200
2022-12-30,5.950000,6.350000,5.950000,6.280000,6.280000,969300
2023-01-03,6.450000,6.690000,6.410000,6.610000,6.610000,587300
2023-01-04,6.660000,7.140000,6.590000,7.120000,7.120000,506700
2023-01-05,7.090000,7.090000,6.800000,6.970000,6.970000,459600
2023-01-06,7.030000,7.030000,6.510000,6.880000,6.880000,516800
2023-01-09,6.980000,7.140000,6.790000,6.900000,6.900000,605200
2023-01-10,6.850000,7.110000,6.805000,6.930000,6.930000,475900
2023-01-11,6.930000,7.030000,6.774000,6.940000,6.940000,343000
2023-01-12,6.990000,7.490000,6.800000,7.460000,7.460000,487100
2023-01-13,7.460000,7.560000,7.020000,7.220000,7.220000,466600
2023-01-17,7.250000,7.380000,7.155000,7.220000,7.220000,464200
2023-01-18,7.300000,7.340000,6.370000,6.420000,6.420000,598700
2023-01-19,6.398000,6.460000,6.226000,6.290000,6.290000,341200
2023-01-20,6.390000,6.430000,6.200000,6.390000,6.390000,466700
2023-01-23,6.340000,6.480000,6.220000,6.450000,6.450000,543100
2023-01-24,6.440000,6.810000,6.370000,6.730000,6.730000,589400
2023-01-25,6.680000,6.850000,6.382000,6.805000,6.805000,546700
2023-01-26,6.930000,6.990000,6.600000,6.940000,6.940000,380600
2023-01-27,6.940000,7.390000,6.890000,7.290000,7.290000,364800
2023-01-30,7.200000,7.290000,7.010000,7.130000,7.130000,436400
2023-01-31,7.170000,7.540000,7.050000,7.210000,7.210000,576300
2023-02-01,7.220000,7.560000,6.923000,7.430000,7.430000,449900
2023-02-02,7.640000,7.940000,7.520000,7.780000,7.780000,451400
2023-02-03,7.580000,7.890000,7.560000,7.600000,7.600000,355500
2023-02-06,7.600000,7.620000,7.210000,7.440000,7.440000,462800
2023-02-07,7.420000,7.500000,7.150000,7.350000,7.350000,522100
2023-02-08,7.260000,7.380000,7.020000,7.030000,7.030000,309000
2023-02-09,7.140000,7.200000,6.760000,6.790000,6.790000,512400
2023-02-10,6.790000,6.840000,6.645000,6.780000,6.780000,303200
2023-02-13,6.770000,7.000000,6.575000,6.730000,6.730000,238700
2023-02-14,6.690000,6.840000,6.500000,6.760000,6.760000,488600
2023-02-15,6.700000,6.830000,6.540000,6.760000,6.760000,526100
2023-02-16,6.600000,6.790000,6.420000,6.660000,6.660000,390400
2023-02-17,6.640000,6.865000,6.390000,6.850000,6.850000,422700
2023-02-21,6.710000,6.810000,6.100000,6.120000,6.120000,518900
2023-02-22,6.120000,6.280000,6.010000,6.210000,6.210000,486700
2023-02-23,6.250000,6.285000,5.960000,6.100000,6.100000,299400
2023-02-24,5.950000,5.980000,5.720000,5.800000,5.800000,407800
2023-02-27,5.890000,6.130000,5.840000,5.990000,5.990000,287100
2023-02-28,6.010000,6.190000,5.975000,6.090000,6.090000,374500
2023-03-01,6.080000,6.170000,5.920000,6.030000,6.030000,355400
2023-03-02,5.950000,6.005000,5.870000,5.920000,5.920000,292400
2023-03-03,5.990000,6.130000,5.880000,6.110000,6.110000,380900
2023-03-06,6.140000,6.155000,5.560000,5.800000,5.800000,390100
2023-03-07,5.870000,6.060000,5.780000,5.880000,5.880000,221700
2023-03-08,5.890000,5.960000,5.795000,5.870000,5.870000,198700
2023-03-09,5.890000,5.910000,5.360000,5.510000,5.510000,556500
2023-03-10,5.540000,5.570000,4.950000,5.180000,5.180000,929700
2023-03-13,5.070000,5.365000,5.040000,5.330000,5.330000,438600
2023-03-14,5.540000,5.545000,5.120000,5.200000,5.200000,612300
2023-03-15,5.090000,5.280000,5.050000,5.160000,5.160000,610500
2023-03-16,5.070000,5.180000,4.930000,5.040000,5.040000,472900
2023-03-17,4.980000,5.050000,4.830000,4.960000,4.960000,1525400
2023-03-20,4.950000,4.950000,4.725000,4.880000,4.880000,445500
2023-03-21,4.990000,4.990000,4.770000,4.810000,4.810000,373300
2023-03-22,4.790000,4.810000,4.330000,4.340000,4.340000,485900
2023-03-23,4.410000,4.480000,4.120000,4.300000,4.300000,620000
2023-03-24,4.270000,4.715000,4.250000,4.630000,4.630000,579500
2023-03-27,4.680000,4.820000,4.550000,4.690000,4.690000,417400